0.280678 0.327087 0.362631 0.299183 0.300743 0.320364 0.307602 0.358780
0.327087 0.285019 0.332389 0.313170 0.320376 0.301182 0.321536 0.329432
0.362631 0.332389 0.308857 0.352119 0.357206 0.337064 0.354454 0.333633
0.299183 0.313170 0.352119 0.288589 0.305315 0.313483 0.303861 0.345398
0.300743 0.320376 0.357206 0.305315 0.297998 0.318772 0.314301 0.354077
0.320364 0.301182 0.337064 0.313483 0.318772 0.300401 0.316054 0.333860
0.307602 0.321536 0.354454 0.303861 0.314301 0.316054 0.307045 0.355820
0.358780 0.329432 0.333633 0.345398 0.354077 0.333860 0.355820 0.314020
