0.284518 0.323976 0.360229 0.304212 0.300479 0.320450 0.311110 0.353932
0.323976 0.292230 0.335342 0.317188 0.323832 0.303172 0.319156 0.329042
0.360229 0.335342 0.311914 0.353441 0.360085 0.340593 0.355420 0.332644
0.304212 0.317188 0.353441 0.294500 0.304050 0.313659 0.304407 0.347144
0.300479 0.323832 0.360085 0.304050 0.295999 0.320306 0.310968 0.353787
0.320450 0.303172 0.340593 0.313659 0.320306 0.294471 0.315611 0.334304
0.311110 0.319156 0.355420 0.304407 0.310968 0.315611 0.301875 0.349117
0.353932 0.329042 0.332644 0.347144 0.353787 0.334304 0.349117 0.313602
