0.000010 0.000010 0.999970 0.000010
0.000010 0.000010 0.755143 0.244837
0.999970 0.000010 0.000010 0.000010
0.536623 0.463357 0.000010 0.000010
0.999970 0.000010 0.000010 0.000010
0.643611 0.328732 0.000010 0.027648
0.128728 0.871252 0.000010 0.000010
0.000010 0.999970 0.000010 0.000010
0.237439 0.762541 0.000010 0.000010
0.000010 0.999970 0.000010 0.000010
0.000010 0.000010 0.000010 0.999970
0.323044 0.000010 0.364123 0.312824
0.000010 0.154770 0.734045 0.111175
0.254216 0.005740 0.000010 0.740034
0.118403 0.199850 0.392908 0.288840
0.151486 0.000010 0.848494 0.000010
0.000010 0.000010 0.999970 0.000010
0.000010 0.000010 0.000010 0.999970
0.000010 0.000010 0.000010 0.999970
0.000010 0.000010 0.535867 0.464113
0.999970 0.000010 0.000010 0.000010
0.368082 0.330908 0.000010 0.301000
0.999970 0.000010 0.000010 0.000010
0.000010 0.706001 0.293979 0.000010
0.325881 0.000010 0.429470 0.244639
0.214237 0.000010 0.218578 0.567176
0.000010 0.316065 0.000010 0.683915
0.133718 0.167906 0.312848 0.385527
0.296695 0.703285 0.000010 0.000010
0.465402 0.534578 0.000010 0.000010
0.408320 0.533612 0.058059 0.000010
0.000010 0.999970 0.000010 0.000010
