0.281453 0.323394 0.360388 0.302242 0.299379 0.319896 0.309371 0.354176
0.323394 0.293986 0.334340 0.318372 0.323251 0.304190 0.318319 0.328132
0.360388 0.334340 0.311525 0.355367 0.360245 0.341454 0.355324 0.332885
0.302242 0.318372 0.355367 0.295453 0.301977 0.314873 0.304322 0.349155
0.299379 0.323251 0.360245 0.301977 0.295925 0.319753 0.309227 0.354033
0.319896 0.304190 0.341454 0.314873 0.319753 0.297042 0.314701 0.335246
0.309371 0.318319 0.355324 0.304322 0.309227 0.314701 0.301591 0.349112
0.354176 0.328132 0.332885 0.349155 0.354033 0.335246 0.349112 0.312716
