0.000010 0.000010 0.000010 0.999970
0.000010 0.161653 0.000010 0.838327
0.999970 0.000010 0.000010 0.000010
0.605582 0.000010 0.394398 0.000010
0.622819 0.377161 0.000010 0.000010
0.578106 0.421874 0.000010 0.000010
0.000010 0.000010 0.999970 0.000010
0.000010 0.999970 0.000010 0.000010
0.000342 0.748245 0.251403 0.000010
0.000010 0.578689 0.421291 0.000010
0.000010 0.000010 0.000010 0.999970
0.104627 0.157741 0.000010 0.737623
0.000010 0.158005 0.083835 0.758150
0.000010 0.263761 0.000010 0.736219
0.194778 0.206181 0.007081 0.591959
0.034582 0.210514 0.023587 0.731317
0.176771 0.000010 0.000010 0.823209
0.000010 0.000010 0.000010 0.999970
0.000010 0.000010 0.000010 0.999970
0.000010 0.000010 0.000010 0.999970
0.999970 0.000010 0.000010 0.000010
0.000010 0.713140 0.000010 0.286840
0.999970 0.000010 0.000010 0.000010
0.000010 0.000010 0.999970 0.000010
0.272635 0.000010 0.141005 0.586350
0.087559 0.000010 0.130000 0.782430
0.000010 0.248011 0.092782 0.659197
0.127735 0.000010 0.241090 0.631164
0.131033 0.717615 0.151342 0.000010
0.226041 0.606116 0.167832 0.000010
0.000010 0.999970 0.000010 0.000010
0.000010 0.999970 0.000010 0.000010
