0.423252 0.000010 0.000010 0.000010 0.576718
0.301843 0.000010 0.105874 0.080988 0.511286
0.227103 0.436078 0.336800 0.000010 0.000010
0.295293 0.000010 0.704677 0.000010 0.000010
0.000010 0.999960 0.000010 0.000010 0.000010
0.116728 0.534246 0.349006 0.000010 0.000010
0.000010 0.000010 0.999960 0.000010 0.000010
0.000010 0.000010 0.999960 0.000010 0.000010
0.000010 0.271182 0.728788 0.000010 0.000010
0.000010 0.000010 0.999960 0.000010 0.000010
0.243948 0.000010 0.000010 0.487488 0.268544
0.999960 0.000010 0.000010 0.000010 0.000010
0.514399 0.000010 0.159733 0.000010 0.325847
0.000010 0.000010 0.000010 0.999960 0.000010
0.336306 0.283193 0.033882 0.138708 0.207911
0.999960 0.000010 0.000010 0.000010 0.000010
0.999960 0.000010 0.000010 0.000010 0.000010
0.000010 0.000010 0.000010 0.336124 0.663846
0.000010 0.000010 0.000010 0.000010 0.999960
0.000010 0.000010 0.000010 0.999960 0.000010
0.000010 0.999960 0.000010 0.000010 0.000010
0.000010 0.393844 0.260425 0.189467 0.156254
0.000010 0.999960 0.000010 0.000010 0.000010
0.214250 0.000010 0.785720 0.000010 0.000010
0.000010 0.303637 0.000010 0.000010 0.696333
0.328845 0.199671 0.000010 0.114598 0.356876
0.000010 0.000010 0.353227 0.000010 0.646743
0.000010 0.000010 0.318247 0.000014 0.681718
0.000010 0.220207 0.737230 0.042543 0.000010
0.000010 0.407424 0.499574 0.092983 0.000010
0.000010 0.999960 0.000010 0.000010 0.000010
0.000010 0.000010 0.999960 0.000010 0.000010
