0.310294 0.000010 0.000010 0.689676 0.000010
0.456667 0.000010 0.000010 0.543303 0.000010
0.241586 0.189089 0.569305 0.000010 0.000010
0.287341 0.000010 0.712629 0.000010 0.000010
0.081813 0.358546 0.559621 0.000010 0.000010
0.000010 0.410903 0.589067 0.000010 0.000010
0.000010 0.000010 0.999960 0.000010 0.000010
0.000010 0.000010 0.999960 0.000010 0.000010
0.000010 0.000010 0.999960 0.000010 0.000010
0.000010 0.000010 0.878220 0.000010 0.121750
0.000010 0.522112 0.000010 0.000010 0.477858
0.820847 0.000010 0.000010 0.000010 0.179123
0.999960 0.000010 0.000010 0.000010 0.000010
0.000010 0.999960 0.000010 0.000010 0.000010
0.525381 0.237189 0.000010 0.006571 0.230848
0.999960 0.000010 0.000010 0.000010 0.000010
0.999960 0.000010 0.000010 0.000010 0.000010
0.000010 0.000010 0.000010 0.000010 0.999960
0.000010 0.000010 0.000010 0.999960 0.000010
0.000010 0.000010 0.000010 0.999960 0.000010
0.000010 0.000010 0.646378 0.281552 0.072049
0.000010 0.747664 0.252306 0.000010 0.000010
0.000010 0.502582 0.497388 0.000010 0.000010
0.297156 0.000010 0.702814 0.000010 0.000010
0.000010 0.999960 0.000010 0.000010 0.000010
0.434155 0.000010 0.000010 0.000010 0.565815
0.000010 0.000010 0.000010 0.000010 0.999960
0.000010 0.000010 0.244083 0.574859 0.181039
0.000010 0.139796 0.860174 0.000010 0.000010
0.000010 0.000010 0.878922 0.121048 0.000010
0.000010 0.231230 0.749457 0.000010 0.019293
0.000010 0.000010 0.999960 0.000010 0.000010
